1 5 1 1 2 4 2 5 2 1 4 5 1 2 3
2 3 5 1 3 4 4 2 2 3 4 1 3 2 3
3 5 5 4 3 4 4 5 5 4 4 4 1 4 4
4 2 1 1 2 3 2 5 2 1 4 5 1 4 4
5 4 1 1 5 5 3 5 1 1 3 5 1 4 1
6 1 1 5 2 5 3 5 1 2 3 5 1 5 4
7 4 1 5 2 3 3 5 1 2 3 5 3 4 4
8 1 1 5 2 5 3 5 4 2 3 5 3 1 3
9 4 1 5 2 3 2 5 2 2 3 5 1 5 4
10 4 1 5 5 2 1 2 5 2 4 5 3 4 3
11 1 1 5 2 5 3 5 1 2 3 5 3 4 4
12 1 1 5 2 5 3 5 1 2 3 5 3 4 4
13 4 1 5 2 5 3 5 1 2 3 5 2 4 4
14 4 5 5 5 5 2 5 1 4 3 4 1 4 4
15 4 1 1 2 2 2 5 2 1 4 5 1 1 3
16 4 1 5 2 5 2 5 1 2 3 5 1 4 4
17 4 1 5 2 3 2 5 2 2 3 5 3 4 4
18 4 1 5 3 4 2 5 5 2 3 1 1 4 4
19 4 1 5 2 3 2 5 2 2 3 5 1 4 4
20 4 1 1 3 4 2 2 4 1 4 4 4 2 3
21 2 1 1 5 4 2 5 2 1 4 5 3 1 3
22 3 1 1 5 4 4 5 2 1 4 5 3 2 3
23 2 1 5 2 2 3 5 4 2 3 5 3 1 3
24 2 2 1 5 2 2 5 2 1 4 5 3 1 3
25 4 2 5 2 5 2 5 1 2 3 5 1 4 4
26 2 1 5 5 2 2 5 2 1 4 5 3 2 4
27 3 1 1 5 4 4 5 2 1 4 5 3 4 3
28 5 5 1 3 4 4 5 5 1 3 5 3 1 2
29 4 1 1 2 4 2 5 5 2 3 5 3 2 5
30 4 1 1 5 2 2 4 2 1 4 5 1 4 3
31 2 4 5 2 5 5 5 4 2 3 5 3 1 3
32 4 1 1 5 4 2 5 2 1 4 5 3 4 4
33 3 1 1 5 4 4 2 2 1 4 5 3 2 3
34 3 1 1 5 4 4 2 2 1 4 5 3 2 1
35 4 1 1 5 2 1 4 2 1 4 5 3 4 3
36 4 1 5 5 5 2 5 1 2 3 5 3 4 4
37 4 5 4 3 4 4 5 1 4 3 4 4 2 2
38 4 1 5 2 3 2 5 2 2 3 5 1 4 3
39 4 1 1 5 2 2 5 2 1 4 5 1 1 3
40 2 1 1 5 2 2 5 2 2 4 5 3 4 3
41 4 1 1 5 3 2 4 2 1 4 5 3 4 3
42 4 1 1 5 4 4 4 5 1 4 5 3 4 1
43 4 1 1 2 3 2 5 2 2 3 5 3 1 3
44 2 1 5 5 2 2 5 4 2 3 5 3 4 4
45 2 1 5 2 5 5 5 4 2 3 5 1 1 3
46 4 1 5 5 4 2 5 1 1 3 5 1 1 4
47 4 1 5 5 5 2 5 5 2 3 5 3 4 4
48 5 1 4 3 3 1 5 2 3 3 1 1 3 1
49 2 1 1 5 3 2 5 2 3 4 5 1 4 3
50 1 1 1 2 3 3 4 1 2 3 5 3 4 4
51 3 1 1 5 4 4 2 2 2 3 3 3 4 3
52 4 5 1 5 4 4 5 2 1 4 5 3 2 4
53 4 2 4 2 3 2 4 2 3 3 3 3 5 4
54 4 5 1 5 3 2 5 2 1 4 1 1 4 1
55 4 1 5 5 2 3 4 4 2 3 5 3 4 3
56 4 5 1 5 2 2 5 2 1 4 5 3 4 1
57 4 3 4 3 4 2 5 2 2 3 1 3 4 4
58 4 5 1 5 4 2 5 5 1 4 4 3 4 4
59 1 1 5 2 5 3 5 1 2 3 5 1 4 4
60 2 1 1 2 3 2 5 4 2 3 5 1 4 4
61 4 1 1 5 3 2 5 2 3 4 5 1 4 3
62 4 3 1 4 4 2 4 1 2 3 4 1 4 4
63 4 1 1 5 2 4 5 5 2 3 5 3 4 1
64 4 5 1 5 4 4 5 1 4 4 4 1 4 4
65 4 1 5 2 5 2 5 2 2 3 5 1 4 4
66 3 1 1 3 4 2 5 5 4 4 4 3 4 1
67 4 1 1 2 3 2 5 4 2 3 2 1 4 3
68 5 5 1 5 2 4 2 5 3 2 5 3 4 1
69 1 1 1 5 3 3 5 2 1 4 5 1 4 4
70 1 1 1 5 3 3 5 1 3 3 5 1 5 3
71 2 1 5 2 5 3 5 1 2 3 5 1 5 4
72 4 1 5 2 3 5 5 4 2 3 5 3 1 4
73 2 1 5 2 2 5 4 4 2 3 5 3 1 3
74 4 1 5 5 4 1 4 2 2 3 1 3 4 1
75 1 1 1 2 3 3 5 1 2 4 5 2 4 4
76 5 5 1 5 4 4 2 2 1 4 5 5 5 5
77 4 1 1 3 4 1 5 5 2 3 4 3 4 4
78 4 1 5 5 4 2 5 5 2 3 4 1 4 1
79 4 1 1 5 5 3 5 1 2 4 5 1 4 4
80 4 5 1 5 5 2 5 5 2 3 4 3 4 4
81 2 1 5 2 3 3 5 1 2 3 2 1 1 4
82 4 4 5 2 5 5 5 1 2 3 5 3 1 4
83 2 4 4 5 3 3 5 1 2 3 2 1 1 4
84 2 1 5 2 3 3 5 1 3 3 5 1 4 3
85 4 1 5 2 5 2 5 1 2 3 5 3 4 4
86 2 1 1 2 3 5 5 2 3 4 5 1 1 3
87 4 4 2 4 3 2 5 1 2 3 5 1 5 4
88 3 1 1 5 4 4 2 2 1 4 5 3 2 3
89 4 1 5 5 3 2 5 2 2 3 5 1 4 1
90 4 1 1 2 5 3 5 1 2 3 5 1 4 4
91 5 5 1 3 4 3 2 3 3 4 4 3 3 4
92 4 1 4 5 3 2 5 5 3 3 5 1 4 3
93 1 1 5 2 5 3 5 1 2 3 5 3 1 4
94 5 1 1 2 5 2 5 2 1 4 5 3 4 4
95 4 1 5 2 3 2 5 4 2 3 5 1 1 3
96 1 1 5 5 5 3 5 1 2 3 5 1 4 4
97 1 1 4 5 3 3 5 1 2 4 5 1 4 4
98 4 1 1 5 3 3 5 2 2 4 5 1 4 4
99 4 1 5 2 5 2 5 2 2 3 5 1 4 4
100 4 1 1 5 4 4 3 2 1 4 5 3 2 3
101 4 1 1 5 2 4 3 2 2 3 5 3 4 3
102 4 1 1 2 3 4 4 2 2 3 2 1 4 5
103 4 1 5 2 3 2 5 2 2 4 5 3 4 4
104 4 1 1 2 3 2 5 2 2 3 5 1 5 4
105 4 1 1 2 3 2 5 2 1 4 5 1 1 4
106 4 5 5 5 4 2 5 5 4 4 4 3 4 4
107 3 1 4 3 3 2 5 2 2 2 1 3 3 4
